     1    0.0001000000    15.3115426493 
     1    0.0002000000    30.6226206376 
     1    0.0003000000    45.9318399445 
     1    0.0004000000    61.2378047668 
     1    0.0005000000    76.5391146699 
     1    0.0006000000    91.8343617164 
     1    0.0007000000   107.1221275530 
     1    0.0008000000   122.4009804324 
     1    0.0009000000   137.6694721502 
     1    0.0010000000   152.9261348717 
     1    0.0011000000   168.1694778227 
     1    0.0012000000   183.3979838196 
     1    0.0013000000   198.6101056057 
     1    0.0014000000   213.8042619628 
     1    0.0015000000   228.9788335600 
     1    0.0016000000   244.1321584969 
     1    0.0017000000   259.2625274958 
     1    0.0018000000   274.3681786869 
     1    0.0019000000   289.4472919234 
     1    0.0020000000   304.4979825558 
     1    0.0021000000   319.5182945818 
     1    0.0022000000   334.5061930690 
     1    0.0023000000   349.4595557372 
     1    0.0024000000   364.3761635621 
     1    0.0025000000   379.2536902365 
     1    0.0026000000   394.0896902838 
     1    0.0027000000   408.8815856167 
     1    0.0028000000   423.6266502409 
     1    0.0029000000   438.3219926953 
     1    0.0030000000   452.9645359470 
     1    0.0031000000   467.5509941041 
     1    0.0032000000   482.0778452468 
     1    0.0033000000   496.5412996867 
     1    0.0034000000   510.9372625562 
     1    0.0035000000   525.2612894313 
     1    0.0036000000   539.5085332889 
     1    0.0037000000   553.6736807681 
     1    0.0038000000   567.7508745252 
     1    0.0039000000   581.7336184243 
     1    0.0040000000   595.6146602610 
     1    0.0041000000   609.3858441114 
     1    0.0042000000   623.0379250387 
     1    0.0043000000   636.5603354677 
     1    0.0044000000   649.9408789476 
     1    0.0045000000   663.1653299105 
     1    0.0046000000   676.2169027059 
     1    0.0047000000   689.0755300911 
     1    0.0048000000   701.7168678954 
     1    0.0049000000   714.1109025405 
     1    0.0050000000   726.2199490288 
     1    0.0051000000   737.9957361240 
     1    0.0051010000   735.1079408423 
     1    0.0051020000   733.4313310528 
     1    0.0051030000   732.2275969277 
     1    0.0051040000   731.3035581211 
     1    0.0051050000   730.5681375406 
     1    0.0051060000   729.9687031948 
     1    0.0051070000   729.4711212017 
     1    0.0051080000   729.0514867697 
     1    0.0051090000   728.6928342570 
     1    0.0051100000   728.3822896758 
     1    0.0051110000   728.1102173519 
     1    0.0051120000   727.8694323620 
     1    0.0051130000   727.6536828068 
     1    0.0051140000   727.4580965421 
     1    0.0051150000   727.2788519486 
     1    0.0051160000   727.1130217671 
     1    0.0051170000   726.9579227980 
     1    0.0051180000   726.8112251034 
     1    0.0051190000   726.6707496006 
     1    0.0051200000   726.5346725687 
     1    0.0051210000   726.4014051211 
     1    0.0051220000   726.2695389795 
     1    0.0051230000   726.1379263695 
     1    0.0051240000   726.0050865384 
     1    0.0051250000   725.8699370040 
     1    0.0051260000   725.7310680719 
     1    0.0051270000   725.5871515057 
     1    0.0051280000   725.4368860739 
     1    0.0051290000   725.2789269361 
     1    0.0051300000   725.1118037791 
     1    0.0051310000   724.9339505502 
     1    0.0051320000   724.7436729023 
     1    0.0051330000   724.5390506207 
     1    0.0051340000   724.3179870344 
     1    0.0051350000   724.0779973441 
     1    0.0051360000   723.8161230315 
     1    0.0051370000   723.5290016150 
     1    0.0051380000   723.2126951821 
     1    0.0051390000   722.8625340270 
     1    0.0051400000   722.4729104066 
     1    0.0051410000   722.0369736962 
     1    0.0051420000   721.5463851901 
     1    0.0051430000   720.9907853563 
     1    0.0051440000   720.3571860236 
     1    0.0051450000   719.6290792021 
     1    0.0051460000   718.7855769802 
     1    0.0051470000   717.7997418689 
     1    0.0051480000   716.6366074309 
     1    0.0051490000   715.2503326041 
     1    0.0051500000   713.5803790195 
     1    0.0051510000   711.5472180618 
     1    0.0051520000   709.0505185547 
     1    0.0051530000   705.9752416435 
     1    0.0051540000   702.2124878922 
     1    0.0051550000   697.7175493696 
     1    0.0051560000   692.5972472220 
     1    0.0051570000   687.1532523506 
     1    0.0051580000   681.7482990633 
     1    0.0051590000   676.5791916458 
     1    0.0051600000   671.6413744695 
     1    0.0051610000   666.8924170620 
     1    0.0051620000   662.3439232723 
     1    0.0051630000   657.9954165949 
     1    0.0051640000   653.8325614277 
     1    0.0051650000   649.8380737701 
     1    0.0051660000   645.9956654068 
     1    0.0051670000   642.2913773886 
     1    0.0051680000   638.7127891179 
     1    0.0051690000   635.2480693632 
     1    0.0051700000   631.8873484347 
     1    0.0051710000   628.6214482564 
     1    0.0051720000   625.4426710313 
     1    0.0051730000   622.3442244338 
     1    0.0051740000   619.3199114925 
     1    0.0051750000   616.3641276159 
     1    0.0051760000   613.4720933536 
     1    0.0051770000   610.6393177858 
     1    0.0051780000   607.8620335319 
